u  = 1 2 3
v  = 2 3 4
u + v = 3 5 7
2 * u = 2 4 6
u * 2 = 2 4 6
w2 = 11 16 21
-u=-1 -2 -3
m = 0 0 0
u dot v  = 20
u.dot(v) = 20
u X v = -1 2 -1
u.cross(v) = -1 2 -1
norm(v)  = 5.3851648071345
norm(u)  = 3.74165738677394
norm(w2)  = 28.6006992921502
u approx v  = False
a = 1.000000002 1.999999999 3
b = 1 2 3
a approx b  = True
