----------------------------------------------------------------------------------------------------
A Jacobi diagonalization with cyclic sweeps
----------------------------------------------------------------------------------------------------
Randomly generated 8 x 8 symmetric matrix A:

         3          8          5          4          4          3          7          2 
         8          9          7          7          0          2          6          2 
         5          7          5          8          4          6          7          8 
         4          7          8          1          9          2          1          1 
         4          0          4          9          1          3          9          2 
         3          2          6          2          3          2          6          1 
         7          6          7          1          9          6          1          3 
         2          2          8          1          2          1          3          4 
----------------------------------------------------------------------------------------------------
D is a diagonal matrix with the eigenvalues:

       -14  -3.25e-09  -1.04e-12   2.91e-15    6.8e-17  -7.07e-10   4.69e-17  -5.17e-09 
 -3.25e-09      -6.81  -1.15e-12  -4.23e-17   5.08e-23   9.75e-09   1.32e-23  -1.67e-09 
 -1.03e-12  -1.15e-12      -4.63   9.26e-23  -7.12e-10  -2.61e-10  -4.78e-11  -5.72e-13 
   2.8e-15  -1.17e-15   5.36e-16     -0.297  -2.04e-09   1.58e-12   1.93e-13   2.94e-15 
  8.37e-16   7.48e-16  -7.12e-10  -2.04e-09       2.57  -2.45e-13   3.07e-15   7.67e-17 
 -7.07e-10   9.75e-09  -2.61e-10   1.58e-12  -2.45e-13       5.21  -4.06e-16   1.41e-08 
  2.02e-15   3.35e-15  -4.78e-11   1.93e-13   3.06e-15  -6.12e-16        7.2   1.05e-16 
 -5.17e-09  -1.67e-09  -5.71e-13   2.96e-15  -2.27e-16   1.41e-08  -2.59e-16       36.8 
----------------------------------------------------------------------------------------------------
V is the orthogonal matrix of the eigenvectors:

   -0.0385    0.00787      0.724     -0.438      0.262     -0.178      0.226      0.361 
    -0.221      0.197     -0.398     0.0751     0.0159     0.0837      0.749      0.424 
     -0.23      -0.66       0.14      0.329     -0.116       0.36     -0.154      0.465 
     0.543      0.188      0.168      0.211     -0.664     -0.204     0.0256      0.336 
    -0.569      0.149     -0.216     -0.261     -0.288     -0.434     -0.416      0.308 
   -0.0399      0.445      0.127      0.633      0.483     -0.123     -0.266      0.255 
     0.519     -0.274     -0.452     -0.261      0.398     -0.203     -0.191      0.382 
    0.0797       0.44    -0.0325     -0.336     -0.045      0.738      -0.29      0.233 
----------------------------------------------------------------------------------------------------
VDV^{T} is equal to the initial matrix A

         3          8          5          4          4          3          7          2 
         8          9          7          7   8.88e-16          2          6          2 
         5          7          5          8          4          6          7          8 
         4          7          8          1          9          2          1          1 
         4          0          4          9          1          3          9          2 
         3          2          6          2          3          2          6          1 
         7          6          7          1          9          6          1          3 
         2          2          8          1          2          1          3          4 
----------------------------------------------------------------------------------------------------
V^{T}AV is equal to the matrix D

       -14  -3.25e-09  -1.03e-12   2.05e-15  -1.02e-15  -7.07e-10   2.39e-15  -5.17e-09 
 -3.25e-09      -6.81  -1.15e-12   4.44e-16   8.05e-16   9.75e-09   5.55e-16  -1.67e-09 
 -1.03e-12  -1.15e-12      -4.63   2.42e-15  -7.12e-10  -2.61e-10  -4.78e-11  -5.71e-13 
  2.52e-15   3.47e-16   1.92e-15     -0.297  -2.04e-09   1.58e-12   1.94e-13  -9.71e-16 
  -6.7e-16   9.71e-16  -7.12e-10  -2.04e-09       2.57  -2.46e-13   4.89e-15  -5.82e-15 
 -7.07e-10   9.75e-09  -2.61e-10   1.58e-12  -2.45e-13       5.21  -1.78e-15   1.41e-08 
  2.25e-15   1.11e-16  -4.78e-11   1.93e-13   5.22e-15  -2.22e-15        7.2   6.11e-15 
 -5.17e-09  -1.67e-09  -5.71e-13          0  -6.05e-15   1.41e-08   5.33e-15       36.8 
----------------------------------------------------------------------------------------------------
V^{T}V is the identity matrix

         1  -1.25e-16   4.42e-17   1.08e-16   3.61e-16   1.94e-16   2.57e-16  -3.68e-16 
 -1.25e-16          1  -6.07e-17  -3.05e-16   1.01e-16  -2.22e-16   8.33e-17   5.55e-17 
  4.42e-17  -6.07e-17          1   6.94e-18  -1.87e-16  -1.39e-17  -5.38e-17  -9.97e-17 
  1.08e-16  -3.05e-16   6.94e-18          1  -6.94e-18   1.39e-16   9.71e-17  -1.94e-16 
  3.61e-16   1.01e-16  -1.87e-16  -6.94e-18          1   2.78e-17   1.58e-16  -1.23e-16 
  1.94e-16  -2.22e-16  -1.39e-17   1.39e-16   2.78e-17          1   1.39e-16  -2.22e-16 
  2.57e-16   8.33e-17  -5.38e-17   9.71e-17   1.58e-16   1.39e-16          1   3.61e-16 
 -3.68e-16   5.55e-17  -9.97e-17  -1.94e-16  -1.23e-16  -2.22e-16   3.61e-16          1 
----------------------------------------------------------------------------------------------------
VV^{T} is also the identity matrix

         1   3.05e-16          0    1.8e-16   6.94e-17   1.53e-16  -2.78e-17  -6.94e-17 
  3.05e-16          1   2.78e-17  -2.78e-17   5.55e-17  -8.33e-17   2.78e-17  -1.11e-16 
         0   2.78e-17          1          0   2.22e-16  -2.22e-16  -1.94e-16  -6.94e-17 
   1.8e-16  -2.78e-17          0          1  -2.08e-16  -3.19e-16   8.33e-17  -1.39e-17 
  6.94e-17   5.55e-17   2.22e-16  -2.08e-16          1   1.53e-16     -5e-16   1.11e-16 
  1.53e-16  -8.33e-17  -2.22e-16  -3.19e-16   1.53e-16          1   2.08e-16   6.25e-17 
 -2.78e-17   2.78e-17  -1.94e-16   8.33e-17     -5e-16   2.08e-16          1  -2.78e-17 
 -6.94e-17  -1.11e-16  -6.94e-17  -1.39e-17   1.11e-16   6.25e-17  -2.78e-17          1 
----------------------------------------------------------------------------------------------------
