----------------------------------------------------------------------------------------------------
A Jacobi diagonalization with cyclic sweeps
----------------------------------------------------------------------------------------------------
Randomly generated 8 x 8 symmetric matrix A:

         2          2          3          0          9          4          3          3 
         2          5          3          5          6          7          7          1 
         3          3          3          2          0          0          6          4 
         0          5          2          0          4          1          0          0 
         9          6          0          4          5          4          8          2 
         4          7          0          1          4          0          1          1 
         3          7          6          0          8          1          5          0 
         3          1          4          0          2          1          0          5 
----------------------------------------------------------------------------------------------------
D is a diagonal matrix with the eigenvalues:

     -9.55  -6.43e-10   7.27e-12  -2.64e-12    1.1e-14   5.28e-08  -3.44e-18  -1.82e-08 
 -6.43e-10      -7.52  -3.82e-10     -2e-12   -1.1e-14   2.73e-17  -1.94e-18   1.62e-10 
  7.27e-12  -3.82e-10      -1.94  -7.24e-12  -2.38e-14   5.17e-20   6.62e-24   3.35e-12 
 -2.64e-12     -2e-12  -7.24e-12     -0.361  -2.11e-15   4.06e-22    2.1e-09   -3.1e-12 
   1.1e-14     -1e-14  -2.42e-14  -1.72e-15       3.73          0   3.71e-11  -5.71e-15 
  5.28e-08  -8.51e-16    7.5e-16  -6.89e-16  -8.99e-17       5.46  -2.98e-13  -6.55e-18 
 -5.87e-17  -5.22e-16   7.55e-16    2.1e-09   3.71e-11  -2.98e-13       7.32   9.75e-16 
 -1.82e-08   1.62e-10   3.34e-12   -3.1e-12  -6.12e-15   1.95e-15   6.25e-16       27.9 
----------------------------------------------------------------------------------------------------
V is the orthogonal matrix of the eigenvectors:

     0.404      0.396      0.486    0.00231      0.258      0.471     -0.168      0.356 
     -0.12      0.586     -0.129     -0.234      -0.45     -0.253      0.297      0.465 
    -0.371    -0.0998       0.53     0.0759    -0.0135     -0.504       -0.5      0.248 
     0.376     -0.198     0.0907      0.753      -0.41     -0.104      0.178      0.185 
    -0.578     -0.157     -0.217      0.312      0.275      0.368      0.154      0.512 
    0.0645     -0.612      0.279     -0.501     -0.353      0.234      0.202       0.27 
     0.441     -0.226     -0.328     -0.153      0.476     -0.446    0.00448      0.445 
     0.102    -0.0359     -0.475    -0.0372     -0.369      0.247     -0.733      0.167 
----------------------------------------------------------------------------------------------------
VDV^{T} is equal to the initial matrix A

         2          2          3   3.55e-15          9          4          3          3 
         2          5          3          5          6          7          7          1 
         3          3          3          2   4.88e-15   3.77e-15          6          4 
  4.44e-15          5          2   3.22e-15          4          1          0   1.22e-15 
         9          6   3.11e-15          4          5          4          8          2 
         4          7      4e-15          1          4   1.33e-15          1          1 
         3          7          6  -4.44e-16          8          1          5   1.78e-15 
         3          1          4   8.88e-16          2          1   8.88e-16          5 
----------------------------------------------------------------------------------------------------
V^{T}AV is equal to the matrix D

     -9.55  -6.43e-10   7.27e-12  -2.64e-12   1.03e-14   5.28e-08   9.99e-16  -1.82e-08 
 -6.43e-10      -7.52  -3.82e-10     -2e-12  -8.58e-15  -1.46e-15  -1.64e-15   1.62e-10 
  7.27e-12  -3.82e-10      -1.94  -7.24e-12   -2.4e-14  -7.77e-16          0   3.35e-12 
 -2.64e-12     -2e-12  -7.24e-12     -0.361  -1.49e-15  -2.22e-15    2.1e-09   -3.1e-12 
  1.08e-14  -7.68e-15  -2.44e-14  -1.76e-15       3.73   1.11e-15   3.71e-11  -7.97e-15 
  5.28e-08  -5.48e-16  -5.55e-16  -2.57e-15   3.89e-16       5.46  -3.02e-13   4.91e-15 
  5.55e-16  -1.67e-15   4.44e-16    2.1e-09   3.71e-11  -3.02e-13       7.32   5.33e-15 
 -1.82e-08   1.62e-10   3.35e-12   -3.1e-12  -6.22e-15   5.11e-15   4.88e-15       27.9 
----------------------------------------------------------------------------------------------------
V^{T}V is the identity matrix

         1  -6.25e-17  -1.67e-16   2.18e-16   4.86e-17  -7.29e-17   5.55e-17   7.63e-17 
 -6.25e-17          1  -1.25e-16  -7.16e-17  -2.27e-16   7.46e-17   1.28e-16   5.98e-17 
 -1.67e-16  -1.25e-16          1  -3.12e-17          0  -9.71e-17  -2.78e-16   1.39e-16 
  2.18e-16  -7.16e-17  -3.12e-17          1  -2.55e-16   2.62e-16    1.7e-16   5.64e-17 
  4.86e-17  -2.27e-16          0  -2.55e-16          1   2.64e-16  -1.11e-16  -1.18e-16 
 -7.29e-17   7.46e-17  -9.71e-17   2.62e-16   2.64e-16          1  -8.33e-17   2.36e-16 
  5.55e-17   1.28e-16  -2.78e-16    1.7e-16  -1.11e-16  -8.33e-17          1   3.61e-16 
  7.63e-17   5.98e-17   1.39e-16   5.64e-17  -1.18e-16   2.36e-16   3.61e-16          1 
----------------------------------------------------------------------------------------------------
VV^{T} is also the identity matrix

         1  -5.55e-17   1.39e-16   1.53e-16    2.5e-16    1.8e-16   4.16e-16  -9.71e-17 
 -5.55e-17          1  -2.78e-17   2.91e-16   1.67e-16   4.16e-16          0   1.53e-16 
  1.39e-16  -2.78e-17          1   -1.6e-16   2.78e-17    4.3e-16  -4.72e-16  -2.15e-16 
  1.53e-16   2.91e-16   -1.6e-16          1   1.39e-17   9.02e-17  -2.78e-17   1.42e-16 
   2.5e-16   1.67e-16   2.78e-17   1.39e-17          1   2.78e-17   1.11e-16  -4.16e-17 
   1.8e-16   4.16e-16    4.3e-16   9.02e-17   2.78e-17          1   2.36e-16  -6.94e-18 
  4.16e-16          0  -4.72e-16  -2.78e-17   1.11e-16   2.36e-16          1  -4.16e-17 
 -9.71e-17   1.53e-16  -2.15e-16   1.42e-16  -4.16e-17  -6.94e-18  -4.16e-17          1 
----------------------------------------------------------------------------------------------------
